result_m
4.66121728448922e-08
-2.0348486903975e-07
0.262516143865732
4.45226180932281e-08
-2.05387307627947e-07
0.262516143862222
4.19710943318766e-08
-2.06716886464742e-07
0.262516143858712
3.91249484434428e-08
-2.07356637313945e-07
0.262516143856735
3.61678748984954e-08
-2.07252132227727e-07
0.262516143854758
3.33002499592141e-08
-2.06393264204988e-07
0.262516143852781
3.07107638584975e-08
-2.04825800079183e-07
0.262516143854139
2.85901319862759e-08
-2.02644495279359e-07
0.262516143855498
2.70894767679422e-08
-1.9998958947217e-07
0.262516143856856
2.63144612002739e-08
-1.97047294566422e-07
0.26251614385832
2.63322909038679e-08
-1.9401014811715e-07
0.262516143859785
2.71485617737942e-08
-1.91089848508086e-07
0.262516143861249
2.8715481996891e-08
-1.88481781735735e-07
0.262516143851721
3.09231752553162e-08
-1.86386268306332e-07
0.262516143842193
3.36206066946916e-08
-1.84959731003674e-07
0.262516143832664
3.66232100357781e-08
-1.84311071491425e-07
0.262516143821816
3.9713361802458e-08
-1.84502873110127e-07
0.262516143810967
4.26679354895172e-08
-1.85537487906197e-07
0.262516143800119
4.52730945247099e-08
-1.87362821088355e-07
0.262516143798955
4.73286213949812e-08
-1.8986142228354e-07
0.262516143797791
4.86718415413539e-08
-1.92872340725088e-07
0.262516143796627
4.91801374251971e-08
-1.96204075993552e-07
0.262516143795902
4.8801214501643e-08
-1.99625917786446e-07
0.262516143795178
4.75366037401249e-08
-2.02907536584151e-07
0.262516143789596
4.54515164148715e-08
-2.05805412500114e-07
0.262516143787325
4.26573308866704e-08
-2.08122220440299e-07
0.262516143785054
3.9323976721722e-08
-2.09688191166294e-07
0.262516143782783
3.56689921272225e-08
-2.10377758161854e-07
0.262516143783124
3.19190905427867e-08
-2.101307002683e-07
0.262516143783465
2.83201173663606e-08
-2.0894731706352e-07
0.262516143783806
2.51007606762057e-08
-2.06894377877094e-07
0.262516143794314
2.24881744198549e-08
-2.04097272436e-07
0.262516143804821
2.06600318529738e-08
-2.00733906621788e-07
0.262516143815329
1.97475810466493e-08
-1.97020140139504e-07
0.262516143822472
1.98113641081849e-08
-1.93204662007422e-07
0.262516143829615
2.08516522502409e-08
-1.89544423097003e-07
0.262516143836758
2.28012270776325e-08
-1.86293990262789e-07
0.262516143830664
2.55323106815783e-08
-1.83675112936476e-07
0.262516143824569
2.88600680452399e-08
-1.81874052730727e-07
0.262516143818475
3.25534651141274e-08
-1.81034384799525e-07
0.262516143815802
3.63616011270759e-08
-1.81217006600534e-07
0.262516143813129
4.00166945005017e-08
-1.82423976113253e-07
0.262516143810456
4.3258297379371e-08
-1.84592077022107e-07
0.262516143821556
4.58505159348093e-08
-1.87583888354496e-07
0.262516143832656
4.75978556975454e-08
-1.91208745119217e-07
0.262516143843755
4.83529809661032e-08
-1.95237418148488e-07
0.262516143854863
4.80483182467663e-08
-1.9939892021308e-07
0.26251614386597
4.6683091197872e-08
-2.03419846666796e-07
0.262516143874142
4.43180772494643e-08
-2.07011154963858e-07
0.262516143874423
4.10888280797334e-08
-2.09937906041639e-07
0.262516143874704
3.71907086483039e-08
-2.11994853780316e-07
0.262516143874985
3.28643250297697e-08
-2.13030888939365e-07
0.262516143872466
2.83860977265128e-08
-2.12966273331256e-07
0.262516143869948
2.40442399389378e-08
-2.11791795900586e-07
0.26251614386743
2.01139086227383e-08
-2.09565295187015e-07
0.26251614387707
1.68583281908601e-08
-2.06432525234251e-07
0.26251614388671
1.44929747259582e-08
-2.02592384540906e-07
0.262516143896349
1.31809164565714e-08
-1.98279052069481e-07
0.262516143907307
1.30031750675764e-08
-1.93788388208528e-07
0.262516143918266
1.39742462951276e-08
-1.89418041228132e-07
0.262516143929224
1.60338900771021e-08
-1.85470929356748e-07
0.262516143921744
1.90464334586216e-08
-1.82205144175745e-07
0.262516143914264
2.2810624435554e-08
-1.79846726292517e-07
0.262516143906784
2.70734681545693e-08
-1.7856764829378e-07
0.262516143900791
3.15458372159955e-08
-1.78461662315135e-07
0.262516143894799
3.59212519605877e-08
-1.79549598377781e-07
0.262516143888807
3.99016210757755e-08
-1.81770090645691e-07
0.262516143895813
4.32017557438593e-08
-1.84990182363136e-07
0.262516143902819
4.55847551510454e-08
-1.89007471159473e-07
0.262516143909825
4.6879003854527e-08
-1.93567912407392e-07
0.262516143913291
4.69717299654169e-08
-1.9837080096023e-07
0.262516143916757
4.58345123016507e-08
-2.031011604113e-07
0.262516143932491
