result_m
4.66121728448876e-08
-2.03484868770125e-07
0.262516143865732
4.45226180930637e-08
-2.05387307088698e-07
0.262516143862222
4.19710943313968e-08
-2.0671688565587e-07
0.262516143858712
3.91249484424922e-08
-2.07356636235453e-07
0.262516143856735
3.61678748969186e-08
-2.07252130879615e-07
0.262516143854758
3.33002499568558e-08
-2.06393262587258e-07
0.262516143852781
3.07107638552021e-08
-2.04825798191837e-07
0.26251614385414
2.85901319818881e-08
-2.02644493122399e-07
0.262516143855498
2.70894767623065e-08
-1.99989587045598e-07
0.262516143856856
2.6314461193235e-08
-1.97047291870239e-07
0.262516143858321
2.63322908952703e-08
-1.94010145151359e-07
0.262516143859785
2.71485617634825e-08
-1.9108984527269e-07
0.262516143861249
2.87154819847098e-08
-1.88481778230735e-07
0.262516143851721
3.09231752411101e-08
-1.8638626453173e-07
0.262516143842193
3.36206066783052e-08
-1.84959726959473e-07
0.262516143832664
3.6623210017056e-08
-1.84311067177628e-07
0.262516143821816
3.97133617812447e-08
-1.84502868526736e-07
0.262516143810967
4.26679354656574e-08
-1.85537483053215e-07
0.262516143800119
4.52730944980482e-08
-1.87362815965785e-07
0.262516143798955
4.73286213653622e-08
-1.89861416891384e-07
0.262516143797791
4.86718415086222e-08
-1.9287233506335e-07
0.262516143796627
4.91801373891973e-08
-1.96204070062235e-07
0.262516143795902
4.88012144622197e-08
-1.99625911585553e-07
0.262516143795178
4.75366036971228e-08
-2.02907530113685e-07
0.262516143789596
4.54515163681352e-08
-2.05805405760079e-07
0.262516143787325
4.26573308360445e-08
-2.08122213430698e-07
0.262516143785054
3.93239766670511e-08
-2.0968818388713e-07
0.262516143782783
3.56689920683513e-08
-2.10377750613132e-07
0.262516143783124
3.19190904795597e-08
-2.10130692450023e-07
0.262516143783465
2.83201172986225e-08
-2.08947308975692e-07
0.262516143783806
2.51007606038012e-08
-2.06894369519718e-07
0.262516143794314
2.24881743426285e-08
-2.04097263809081e-07
0.262516143804821
2.06600317707702e-08
-2.00733897725329e-07
0.262516143815329
1.97475809593131e-08
-1.9702013097351e-07
0.262516143822472
1.98113640155608e-08
-1.93204652571898e-07
0.262516143829615
2.08516521521734e-08
-1.89544413391952e-07
0.262516143836758
2.28012269739664e-08
-1.86293980288216e-07
0.262516143830664
2.55323105721582e-08
-1.83675102692386e-07
0.26251614382457
2.88600679299104e-08
-1.81874042217124e-07
0.262516143818475
3.25534649927332e-08
-1.81034374016414e-07
0.262516143815802
3.63616009994616e-08
-1.81216995547919e-07
0.262516143813129
4.0016694366512e-08
-1.8242396479114e-07
0.262516143810457
4.32582972388506e-08
-1.84592065430501e-07
0.262516143821556
4.58505157876029e-08
-1.87583876493401e-07
0.262516143832656
4.75978555434976e-08
-1.91208732988639e-07
0.262516143843755
4.83529808050586e-08
-1.95237405748433e-07
0.262516143854863
4.80483180785697e-08
-1.99398907543552e-07
0.26251614386597
4.6683091022368e-08
-2.034198337278e-07
0.262516143874143
4.43180770664978e-08
-2.070111417554e-07
0.262516143874423
4.10888278891488e-08
-2.09937892563725e-07
0.262516143874704
3.7190708449946e-08
-2.11994840032953e-07
0.262516143874985
3.28643248234833e-08
-2.13030874922557e-07
0.262516143872467
2.83860975121425e-08
-2.12966259045009e-07
0.262516143869948
2.40442397163283e-08
-2.11791781344907e-07
0.26251614386743
2.01139083917344e-08
-2.09565280361909e-07
0.26251614387707
1.68583279513065e-08
-2.06432510139725e-07
0.26251614388671
1.44929744776995e-08
-2.02592369176965e-07
0.262516143896349
1.31809161994524e-08
-1.98279036436133e-07
0.262516143907308
1.30031748014417e-08
-1.93788372305779e-07
0.262516143918266
1.3974246019822e-08
-1.89418025055987e-07
0.262516143929224
1.60338897924704e-08
-1.85470912915215e-07
0.262516143921744
1.90464331645084e-08
-1.82205127464831e-07
0.262516143914264
2.28106241318041e-08
-1.79846709312228e-07
0.262516143906784
2.70734678410274e-08
-1.78567631044123e-07
0.262516143900792
3.15458368925064e-08
-1.78461644796117e-07
0.2625161438948
3.59212516269962e-08
-1.79549580589409e-07
0.262516143888807
3.99016207319262e-08
-1.81770072587972e-07
0.262516143895813
4.32017553895971e-08
-1.84990164036078e-07
0.262516143902819
4.55847547862149e-08
-1.89007452563083e-07
0.262516143909825
4.68790034789731e-08
-1.93567893541677e-07
0.262516143913291
4.69717295789843e-08
-1.98370781825198e-07
0.262516143916757
4.58345119041843e-08
-2.03101141006959e-07
0.262516143932491
