result_m
4.66121725752623e-08
-2.03484869039752e-07
0.262516143865732
4.4522617553969e-08
-2.05387307628108e-07
0.262516143862222
4.19710935229887e-08
-2.06716886465218e-07
0.262516143858712
3.91249473649269e-08
-2.07356637314893e-07
0.262516143856735
3.61678735503523e-08
-2.07252132229304e-07
0.262516143854758
3.33002483414446e-08
-2.0639326420735e-07
0.262516143852781
3.07107619711026e-08
-2.04825800082488e-07
0.26251614385414
2.85901298292566e-08
-2.02644495283763e-07
0.262516143855498
2.70894743412997e-08
-1.9998958947783e-07
0.262516143856856
2.63144585040093e-08
-1.97047294573495e-07
0.262516143858321
2.63322879379827e-08
-1.94010148125792e-07
0.262516143859785
2.71485585382897e-08
-1.91089848518455e-07
0.262516143861249
2.87154784917686e-08
-1.88481781747987e-07
0.262516143851721
3.09231714805777e-08
-1.86386268320623e-07
0.262516143842193
3.36206026503385e-08
-1.84959731020162e-07
0.262516143832664
3.66232057218123e-08
-1.84311071510267e-07
0.262516143821816
3.97133572188813e-08
-1.84502873131478e-07
0.262516143810967
4.26679306363315e-08
-1.85537487930215e-07
0.262516143800119
4.52730894019173e-08
-1.87362821115197e-07
0.262516143798955
4.73286160025839e-08
-1.89861422313362e-07
0.262516143797791
4.8671835879354e-08
-1.92872340758047e-07
0.262516143796627
4.9180131493597e-08
-1.96204076029805e-07
0.262516143795902
4.88012083004451e-08
-1.99625917826149e-07
0.262516143795178
4.75365972693317e-08
-2.02907536627461e-07
0.262516143789596
4.54515096744856e-08
-2.05805412547189e-07
0.262516143787325
4.26573238766944e-08
-2.08122220491294e-07
0.262516143785054
3.93239694421587e-08
-2.09688191221366e-07
0.262516143782783
3.56689845780749e-08
-2.10377758221161e-07
0.262516143783124
3.19190827240576e-08
-2.10130700331998e-07
0.262516143783465
2.83201092780531e-08
-2.08947317131766e-07
0.262516143783806
2.51007523183229e-08
-2.06894377950043e-07
0.262516143794314
2.24881657924e-08
-2.04097272513811e-07
0.262516143804821
2.06600229559501e-08
-2.00733906704616e-07
0.262516143815329
1.97475718800603e-08
-1.97020140227507e-07
0.262516143822472
1.98113546720339e-08
-1.93204662100757e-07
0.262516143829615
2.08516425445315e-08
-1.89544423195825e-07
0.262516143836758
2.28012171023685e-08
-1.86293990367256e-07
0.262516143830664
2.55323004367634e-08
-1.83675113046745e-07
0.26251614382457
2.8860057530878e-08
-1.81874052846953e-07
0.262516143818475
3.25534543302224e-08
-1.81034384921866e-07
0.262516143815802
3.63615900736317e-08
-1.81217006729146e-07
0.262516143813129
4.00166831775225e-08
-1.82423976248293e-07
0.262516143810457
4.32582857868611e-08
-1.84592077163732e-07
0.262516143821556
4.5850504072773e-08
-1.87583888502862e-07
0.262516143832656
4.7597843565987e-08
-1.91208745274482e-07
0.262516143843755
4.83529685650272e-08
-1.95237418310808e-07
0.262516143854863
4.80483055761773e-08
-1.99398920382611e-07
0.26251614386597
4.66830782577747e-08
-2.03419846843695e-07
0.262516143874143
4.43180640398635e-08
-2.07011155148282e-07
0.262516143874423
4.10888146006338e-08
-2.09937906233744e-07
0.262516143874704
3.71906948997104e-08
-2.1199485398026e-07
0.262516143874985
3.28643110116875e-08
-2.13030889147303e-07
0.262516143872467
2.8386083438947e-08
-2.12966273547346e-07
0.262516143869948
2.40442253818935e-08
-2.11791796124984e-07
0.26251614386743
2.01138937962209e-08
-2.09565295419877e-07
0.26251614387707
1.6858313094875e-08
-2.06432525475735e-07
0.26251614388671
1.44929593605108e-08
-2.02592384791168e-07
0.262516143896349
1.31809008216672e-08
-1.98279052328678e-07
0.262516143907308
1.30031591632211e-08
-1.93788388476816e-07
0.262516143918266
1.39742301213269e-08
-1.89418041505668e-07
0.262516143929224
1.60338736338619e-08
-1.85470929643688e-07
0.262516143921744
1.90464167459478e-08
-1.82205144472247e-07
0.262516143914264
2.28106074534527e-08
-1.79846726598737e-07
0.262516143906784
2.70734509030465e-08
-1.78567648609874e-07
0.262516143900792
3.15458196950574e-08
-1.78461662641259e-07
0.2625161438948
3.59212341702407e-08
-1.79549598714093e-07
0.262516143888807
3.99016030160259e-08
-1.81770090992348e-07
0.262516143895813
4.32017374147135e-08
-1.84990182720293e-07
0.262516143902819
4.558473655251e-08
-1.89007471527288e-07
0.262516143909825
4.68789849866087e-08
-1.93567912786021e-07
0.262516143913291
4.69717108281224e-08
-1.98370801349829e-07
0.262516143916757
4.58344928949869e-08
-2.03101160812026e-07
0.262516143932491
