result_m
4.66121728448923e-08
-2.0348486903975e-07
0.262516143865732
4.45226180932284e-08
-2.05387307627947e-07
0.262516143862222
4.1971094331877e-08
-2.06716886464741e-07
0.262516143858712
3.91249484434433e-08
-2.07356637313944e-07
0.262516143856735
3.61678748984961e-08
-2.07252132227726e-07
0.262516143854758
3.33002499592149e-08
-2.06393264204987e-07
0.262516143852781
3.07107638584985e-08
-2.04825800079182e-07
0.26251614385414
2.8590131986277e-08
-2.02644495279358e-07
0.262516143855498
2.70894767679434e-08
-1.99989589472169e-07
0.262516143856856
2.63144612002753e-08
-1.97047294566421e-07
0.262516143858321
2.63322909038695e-08
-1.94010148117148e-07
0.262516143859785
2.71485617737959e-08
-1.91089848508085e-07
0.262516143861249
2.87154819968928e-08
-1.88481781735734e-07
0.262516143851721
3.09231752553182e-08
-1.8638626830633e-07
0.262516143842193
3.36206066946938e-08
-1.84959731003672e-07
0.262516143832664
3.66232100357804e-08
-1.84311071491424e-07
0.262516143821816
3.97133618024604e-08
-1.84502873110125e-07
0.262516143810967
4.26679354895198e-08
-1.85537487906195e-07
0.262516143800119
4.52730945247126e-08
-1.87362821088353e-07
0.262516143798955
4.73286213949841e-08
-1.89861422283538e-07
0.262516143797791
4.86718415413569e-08
-1.92872340725086e-07
0.262516143796627
4.91801374252003e-08
-1.96204075993549e-07
0.262516143795902
4.88012145016463e-08
-1.99625917786443e-07
0.262516143795178
4.75366037401284e-08
-2.02907536584148e-07
0.262516143789596
4.54515164148751e-08
-2.05805412500111e-07
0.262516143787325
4.26573308866742e-08
-2.08122220440296e-07
0.262516143785054
3.93239767217259e-08
-2.09688191166291e-07
0.262516143782783
3.56689921272266e-08
-2.10377758161851e-07
0.262516143783124
3.19190905427909e-08
-2.10130700268297e-07
0.262516143783465
2.83201173663649e-08
-2.08947317063517e-07
0.262516143783806
2.51007606762102e-08
-2.0689437787709e-07
0.262516143794314
2.24881744198595e-08
-2.04097272435996e-07
0.262516143804821
2.06600318529785e-08
-2.00733906621784e-07
0.262516143815329
1.97475810466542e-08
-1.970201401395e-07
0.262516143822472
1.98113641081899e-08
-1.93204662007419e-07
0.262516143829615
2.0851652250246e-08
-1.89544423096999e-07
0.262516143836758
2.28012270776378e-08
-1.86293990262785e-07
0.262516143830664
2.55323106815838e-08
-1.83675112936472e-07
0.26251614382457
2.88600680452455e-08
-1.81874052730723e-07
0.262516143818475
3.25534651141332e-08
-1.81034384799521e-07
0.262516143815802
3.63616011270818e-08
-1.8121700660053e-07
0.262516143813129
4.00166945005078e-08
-1.82423976113249e-07
0.262516143810457
4.32582973793773e-08
-1.84592077022103e-07
0.262516143821556
4.58505159348157e-08
-1.87583888354491e-07
0.262516143832656
4.7597855697552e-08
-1.91208745119213e-07
0.262516143843755
4.83529809661099e-08
-1.95237418148484e-07
0.262516143854863
4.80483182467731e-08
-1.99398920213075e-07
0.26251614386597
4.6683091197879e-08
-2.03419846666791e-07
0.262516143874143
4.43180772494715e-08
-2.07011154963852e-07
0.262516143874423
4.10888280797406e-08
-2.09937906041633e-07
0.262516143874704
3.71907086483112e-08
-2.11994853780311e-07
0.262516143874985
3.28643250297772e-08
-2.13030888939359e-07
0.262516143872467
2.83860977265205e-08
-2.1296627333125e-07
0.262516143869948
2.40442399389455e-08
-2.1179179590058e-07
0.26251614386743
2.01139086227462e-08
-2.09565295187009e-07
0.26251614387707
1.68583281908682e-08
-2.06432525234245e-07
0.26251614388671
1.44929747259664e-08
-2.025923845409e-07
0.262516143896349
1.31809164565798e-08
-1.98279052069475e-07
0.262516143907308
1.30031750675849e-08
-1.93788388208522e-07
0.262516143918266
1.39742462951362e-08
-1.89418041228126e-07
0.262516143929224
1.60338900771109e-08
-1.85470929356742e-07
0.262516143921744
1.90464334586305e-08
-1.82205144175739e-07
0.262516143914264
2.28106244355631e-08
-1.79846726292511e-07
0.262516143906784
2.70734681545785e-08
-1.78567648293774e-07
0.262516143900792
3.15458372160049e-08
-1.78461662315128e-07
0.2625161438948
3.59212519605973e-08
-1.79549598377774e-07
0.262516143888807
3.99016210757852e-08
-1.81770090645684e-07
0.262516143895813
4.32017557438692e-08
-1.84990182363129e-07
0.262516143902819
4.55847551510554e-08
-1.89007471159466e-07
0.262516143909825
4.68790038545372e-08
-1.93567912407385e-07
0.262516143913291
4.69717299654271e-08
-1.98370800960223e-07
0.262516143916757
4.58345123016611e-08
-2.03101160411293e-07
0.262516143932491
