result_m
4.66121728448925e-08
-2.0348486903975e-07
0.262516143865732
4.45226180932287e-08
-2.05387307627947e-07
0.262516143862222
4.19710943318775e-08
-2.06716886464742e-07
0.262516143858712
3.9124948443444e-08
-2.07356637313946e-07
0.262516143856735
3.61678748984969e-08
-2.07252132227728e-07
0.262516143854758
3.3300249959216e-08
-2.06393264204989e-07
0.262516143852781
3.07107638584997e-08
-2.04825800079184e-07
0.26251614385414
2.85901319862785e-08
-2.0264449527936e-07
0.262516143855498
2.70894767679451e-08
-1.99989589472171e-07
0.262516143856856
2.63144612002771e-08
-1.97047294566423e-07
0.262516143858321
2.63322909038715e-08
-1.94010148117151e-07
0.262516143859785
2.71485617737981e-08
-1.91089848508088e-07
0.262516143861249
2.87154819968952e-08
-1.88481781735737e-07
0.262516143851721
3.09231752553208e-08
-1.86386268306334e-07
0.262516143842193
3.36206066946965e-08
-1.84959731003676e-07
0.262516143832664
3.66232100357832e-08
-1.84311071491428e-07
0.262516143821816
3.97133618024634e-08
-1.84502873110129e-07
0.262516143810967
4.26679354895229e-08
-1.85537487906199e-07
0.262516143800119
4.52730945247159e-08
-1.87362821088358e-07
0.262516143798955
4.73286213949875e-08
-1.89861422283542e-07
0.262516143797791
4.86718415413605e-08
-1.92872340725091e-07
0.262516143796627
4.9180137425204e-08
-1.96204075993554e-07
0.262516143795902
4.88012145016501e-08
-1.99625917786449e-07
0.262516143795178
4.75366037401324e-08
-2.02907536584154e-07
0.262516143789596
4.54515164148792e-08
-2.05805412500118e-07
0.262516143787325
4.26573308866784e-08
-2.08122220440302e-07
0.262516143785054
3.93239767217303e-08
-2.09688191166297e-07
0.262516143782783
3.56689921272312e-08
-2.10377758161857e-07
0.262516143783124
3.19190905427957e-08
-2.10130700268304e-07
0.262516143783465
2.83201173663699e-08
-2.08947317063524e-07
0.262516143783806
2.51007606762154e-08
-2.06894377877098e-07
0.262516143794314
2.2488174419865e-08
-2.04097272436004e-07
0.262516143804821
2.06600318529842e-08
-2.00733906621792e-07
0.262516143815329
1.97475810466601e-08
-1.97020140139508e-07
0.262516143822472
1.9811364108196e-08
-1.93204662007427e-07
0.262516143829615
2.08516522502523e-08
-1.89544423097008e-07
0.262516143836758
2.28012270776442e-08
-1.86293990262794e-07
0.262516143830664
2.55323106815904e-08
-1.83675112936481e-07
0.26251614382457
2.88600680452523e-08
-1.81874052730732e-07
0.262516143818475
3.25534651141402e-08
-1.8103438479953e-07
0.262516143815802
3.63616011270889e-08
-1.81217006600539e-07
0.262516143813129
4.0016694500515e-08
-1.82423976113258e-07
0.262516143810457
4.32582973793846e-08
-1.84592077022113e-07
0.262516143821556
4.58505159348232e-08
-1.87583888354502e-07
0.262516143832656
4.75978556975596e-08
-1.91208745119223e-07
0.262516143843755
4.83529809661176e-08
-1.95237418148495e-07
0.262516143854863
4.8048318246781e-08
-1.99398920213086e-07
0.26251614386597
4.6683091197887e-08
-2.03419846666802e-07
0.262516143874143
4.43180772494796e-08
-2.07011154963864e-07
0.262516143874423
4.1088828079749e-08
-2.09937906041645e-07
0.262516143874704
3.71907086483198e-08
-2.11994853780323e-07
0.262516143874985
3.28643250297859e-08
-2.13030888939372e-07
0.262516143872467
2.83860977265294e-08
-2.12966273331263e-07
0.262516143869948
2.40442399389547e-08
-2.11791795900593e-07
0.26251614386743
2.01139086227556e-08
-2.09565295187022e-07
0.26251614387707
1.68583281908778e-08
-2.06432525234259e-07
0.26251614388671
1.44929747259763e-08
-2.02592384540914e-07
0.262516143896349
1.31809164565898e-08
-1.98279052069489e-07
0.262516143907308
1.30031750675951e-08
-1.93788388208537e-07
0.262516143918266
1.39742462951467e-08
-1.8941804122814e-07
0.262516143929224
1.60338900771216e-08
-1.85470929356756e-07
0.262516143921744
1.90464334586414e-08
-1.82205144175754e-07
0.262516143914264
2.28106244355741e-08
-1.79846726292526e-07
0.262516143906784
2.70734681545898e-08
-1.78567648293789e-07
0.262516143900792
3.15458372160163e-08
-1.78461662315144e-07
0.2625161438948
3.59212519606088e-08
-1.7954959837779e-07
0.262516143888807
3.99016210757969e-08
-1.817700906457e-07
0.262516143895813
4.3201755743881e-08
-1.84990182363145e-07
0.262516143902819
4.55847551510673e-08
-1.89007471159482e-07
0.262516143909825
4.68790038545492e-08
-1.93567912407402e-07
0.262516143913291
4.69717299654394e-08
-1.9837080096024e-07
0.262516143916757
4.58345123016735e-08
-2.0310116041131e-07
0.262516143932491
