result_m
4.66121728448925e-08
-2.0348486903975e-07
0.262516143865732
4.45226180932288e-08
-2.05387307627947e-07
0.262516143862222
4.19710943318776e-08
-2.06716886464741e-07
0.262516143858712
3.91249484434442e-08
-2.07356637313945e-07
0.262516143856735
3.61678748984972e-08
-2.07252132227726e-07
0.262516143854758
3.33002499592163e-08
-2.06393264204987e-07
0.262516143852781
3.07107638585e-08
-2.04825800079183e-07
0.26251614385414
2.85901319862788e-08
-2.02644495279358e-07
0.262516143855498
2.70894767679454e-08
-1.99989589472169e-07
0.262516143856856
2.63144612002775e-08
-1.97047294566421e-07
0.262516143858321
2.63322909038719e-08
-1.94010148117149e-07
0.262516143859785
2.71485617737985e-08
-1.91089848508085e-07
0.262516143861249
2.87154819968956e-08
-1.88481781735734e-07
0.262516143851721
3.09231752553212e-08
-1.86386268306331e-07
0.262516143842193
3.36206066946969e-08
-1.84959731003673e-07
0.262516143832664
3.66232100357837e-08
-1.84311071491424e-07
0.262516143821816
3.97133618024639e-08
-1.84502873110125e-07
0.262516143810967
4.26679354895235e-08
-1.85537487906195e-07
0.262516143800119
4.52730945247165e-08
-1.87362821088354e-07
0.262516143798955
4.73286213949881e-08
-1.89861422283538e-07
0.262516143797791
4.86718415413612e-08
-1.92872340725087e-07
0.262516143796627
4.91801374252047e-08
-1.9620407599355e-07
0.262516143795902
4.88012145016509e-08
-1.99625917786444e-07
0.262516143795178
4.75366037401332e-08
-2.02907536584149e-07
0.262516143789596
4.54515164148802e-08
-2.05805412500112e-07
0.262516143787325
4.26573308866794e-08
-2.08122220440297e-07
0.262516143785054
3.93239767217313e-08
-2.09688191166292e-07
0.262516143782783
3.56689921272323e-08
-2.10377758161852e-07
0.262516143783124
3.19190905427968e-08
-2.10130700268298e-07
0.262516143783465
2.83201173663711e-08
-2.08947317063518e-07
0.262516143783806
2.51007606762166e-08
-2.06894377877091e-07
0.262516143794314
2.24881744198661e-08
-2.04097272435998e-07
0.262516143804821
2.06600318529854e-08
-2.00733906621785e-07
0.262516143815329
1.97475810466612e-08
-1.97020140139501e-07
0.262516143822472
1.98113641081972e-08
-1.9320466200742e-07
0.262516143829615
2.08516522502535e-08
-1.89544423097e-07
0.262516143836758
2.28012270776454e-08
-1.86293990262786e-07
0.262516143830664
2.55323106815916e-08
-1.83675112936474e-07
0.26251614382457
2.88600680452535e-08
-1.81874052730724e-07
0.262516143818475
3.25534651141414e-08
-1.81034384799522e-07
0.262516143815802
3.63616011270901e-08
-1.81217006600531e-07
0.262516143813129
4.00166945005163e-08
-1.8242397611325e-07
0.262516143810457
4.3258297379386e-08
-1.84592077022104e-07
0.262516143821556
4.58505159348246e-08
-1.87583888354493e-07
0.262516143832656
4.7597855697561e-08
-1.91208745119214e-07
0.262516143843755
4.83529809661191e-08
-1.95237418148485e-07
0.262516143854863
4.80483182467826e-08
-1.99398920213077e-07
0.26251614386597
4.66830911978886e-08
-2.03419846666793e-07
0.262516143874143
4.43180772494813e-08
-2.07011154963854e-07
0.262516143874423
4.10888280797507e-08
-2.09937906041635e-07
0.262516143874704
3.71907086483215e-08
-2.11994853780313e-07
0.262516143874985
3.28643250297877e-08
-2.13030888939361e-07
0.262516143872467
2.83860977265313e-08
-2.12966273331252e-07
0.262516143869948
2.40442399389565e-08
-2.11791795900582e-07
0.26251614386743
2.01139086227574e-08
-2.09565295187011e-07
0.26251614387707
1.68583281908797e-08
-2.06432525234247e-07
0.26251614388671
1.44929747259781e-08
-2.02592384540902e-07
0.262516143896349
1.31809164565917e-08
-1.98279052069477e-07
0.262516143907308
1.3003175067597e-08
-1.93788388208524e-07
0.262516143918266
1.39742462951485e-08
-1.89418041228128e-07
0.262516143929224
1.60338900771234e-08
-1.85470929356743e-07
0.262516143921744
1.90464334586432e-08
-1.82205144175741e-07
0.262516143914264
2.28106244355759e-08
-1.79846726292513e-07
0.262516143906784
2.70734681545916e-08
-1.78567648293775e-07
0.262516143900792
3.15458372160181e-08
-1.7846166231513e-07
0.2625161438948
3.59212519606107e-08
-1.79549598377776e-07
0.262516143888807
3.99016210757988e-08
-1.81770090645686e-07
0.262516143895813
4.32017557438829e-08
-1.84990182363131e-07
0.262516143902819
4.55847551510693e-08
-1.89007471159468e-07
0.262516143909825
4.68790038545513e-08
-1.93567912407387e-07
0.262516143913291
4.69717299654415e-08
-1.98370800960226e-07
0.262516143916757
4.58345123016757e-08
-2.03101160411295e-07
0.262516143932491
